Xg[1] = -21.213203435596427;
Xg[2] = 20.0;
Xg[3] = 0.0;
Xg[4] = 40.0;
Xg[5] = -28.284271247461902;
Xg[6] = -20.0;
Xg[7] = -14.142135623730951;
Xg[8] = -7.071067811865476;
Xg[9] = 0.0;
Xg[10] = 0.0;
Xg[11] = 0.0;
Xg[12] = -7.071067811865476;
Xg[13] = 0.0;
Xg[14] = -30.0;
Xg[15] = 30.0;
Xg[16] = -21.213203435596427;

Yg[1] = 21.213203435596427;
Yg[2] = 0.0;
Yg[3] = -20.0;
Yg[4] = 0.0;
Yg[5] = -28.284271247461902;
Yg[6] = 0.0;
Yg[7] = 14.142135623730951;
Yg[8] = -7.071067811865476;
Yg[9] = -40.0;
Yg[10] = -30.0;
Yg[11] = 0.0;
Yg[12] = 7.071067811865476;
Yg[13] = 10.0;
Yg[14] = 0.0;
Yg[15] = 0.0;
Yg[16] = -21.213203435596427;

G[1] = 0.1;
G[2] = 0.3;
G[3] = 0.3;
G[4] = 0.0;
G[5] = -0.2;
G[6] = 0.7;
G[7] = 0.6;
G[8] = 0.9;
G[9] = -0.1;
G[10] = 0.1;
G[11] = 1.0;
G[12] = 1.0;
G[13] = 0.8;
G[14] = 0.3;
G[15] = 0.1;
G[16] = 0.0;
